1 0.3890625 0.553125 0.3625 0.3296875
0 0.28515625 0.8359375 0.3859375 0.328125
0 0.50390625 0.68359375 0.3703125 0.3421875
0 0.88828125 0.34921875 0.2234375 0.2765625
0 0.71875 0.5375 0.359375 0.44375
0 0.93203125 0.5140625 0.1359375 0.275
0 0.4046875 0.91796875 0.3625 0.1640625
0 0.628125 0.8421875 0.36875 0.315625
0 0.13046875 0.2421875 0.2609375 0.290625
0 0.03671875 0.371875 0.0734375 0.25625
0 0.97734375 0.6625 0.0453125 0.253125
0 0.721875 0.90078125 0.2890625 0.1828125
0 0.61015625 0.02734375 0.2890625 0.0546875
0 0.22890625 0.403125 0.384375 0.3484375
0 0.09609375 0.56640625 0.1921875 0.2890625
0 0.6859375 0.1140625 0.365625 0.228125
0 0.1765625 0.70234375 0.3359375 0.3546875
0 0.7828125 0.20546875 0.340625 0.3390625