0 0.509375 0.8875 0.1171875 0.1921875
0 0.5515625 0.7875 0.1203125 0.171875
0 0.571875 0.671875 0.1046875 0.1578125
0 0.5953125 0.57265625 0.096875 0.1265625
0 0.6046875 0.48828125 0.09375 0.1078125
0 0.62734375 0.41640625 0.0875 0.0953125
0 0.6390625 0.35546875 0.0796875 0.08125
0 0.6546875 0.31015625 0.075 0.0703125
1 0.66875 0.275 0.071875 0.0671875
0 0.3671875 0.903125 0.1453125 0.16875
0 0.503125 0.49140625 0.0984375 0.0953125
0 0.5375 0.41484375 0.0859375 0.078125
0 0.5421875 0.3640625 0.0890625 0.071875
0 0.5734375 0.315625 0.078125 0.0640625
0 0.5765625 0.26953125 0.075 0.059375
0 0.240625 0.46171875 0.071875 0.115625
1 0.2828125 0.3984375 0.0625 0.103125
0 0.315625 0.3453125 0.065625 0.0953125
0 0.353125 0.30234375 0.0609375 0.078125
0 0.3765625 0.2546875 0.0609375 0.0796875
0 0.4015625 0.22578125 0.0515625 0.0765625
0 0.10234375 0.50078125 0.071875 0.1328125
0 0.15546875 0.428125 0.0765625 0.121875
0 0.203125 0.378125 0.0703125 0.1140625
0 0.246875 0.3359375 0.065625 0.0921875
0 0.28125 0.28984375 0.0578125 0.084375
0 0.3140625 0.2546875 0.0546875 0.0796875
0 0.34140625 0.21953125 0.05625 0.0796875