1 0.7390625 0.1890625 0.1125 0.0640625
1 0.53828125 0.203125 0.1 0.0640625
1 0.44140625 0.2078125 0.103125 0.05625
1 0.8453125 0.1828125 0.10625 0.0640625
1 0.63671875 0.19765625 0.0984375 0.0609375
0 0.3375 0.1890625 0.1078125 0.1109375
1 0.5453125 0.67109375 0.253125 0.3890625
0 0.79765625 0.0609375 0.0765625 0.06875
1 0.4078125 0.103125 0.06875 0.0484375
1 0.60078125 0.09296875 0.0671875 0.0390625
1 0.4734375 0.10390625 0.0703125 0.0421875
1 0.5453125 0.2875 0.2953125 0.0640625
1 0.53671875 0.1 0.071875 0.04375
1 0.778125 0.66875 0.259375 0.3984375
0 0.2796875 0.65703125 0.2703125 0.41875
1 0.83046875 0.27421875 0.315625 0.0734375