1 0.6015625 0.42109375 0.3984375 0.1125
1 0.7640625 0.278125 0.15 0.1015625
1 0.23125 0.40390625 0.3375 0.1328125
0 0.6265625 0.2546875 0.1359375 0.13125
0 0.28515625 0.22421875 0.128125 0.159375
0 0.49609375 0.253125 0.128125 0.13125
1 0.915625 0.28046875 0.1609375 0.109375
1 0.56328125 0.1140625 0.0796875 0.065625
0 0.48671875 0.09765625 0.075 0.0984375
0 0.41484375 0.090625 0.075 0.1015625
0 0.14609375 0.22109375 0.1234375 0.1671875
1 0.64140625 0.11015625 0.078125 0.0609375
1 0.71875 0.109375 0.0859375 0.065625
1 0.80234375 0.11171875 0.09375 0.065625
1 0.884375 0.109375 0.090625 0.0671875