0 0.26328125 0.71015625 0.2515625 0.4390625
1 0.509375 0.765625 0.2421875 0.36875
1 0.73046875 0.77578125 0.2046875 0.3640625
0 0.91484375 0.7625 0.1703125 0.3953125
0 0.33203125 0.31171875 0.10625 0.0984375
1 0.43203125 0.33046875 0.103125 0.0625
1 0.52265625 0.41484375 0.2609375 0.0546875
1 0.5234375 0.334375 0.09375 0.0546875
1 0.6171875 0.334375 0.0953125 0.053125
1 0.71171875 0.33359375 0.096875 0.053125
1 0.80703125 0.334375 0.09375 0.0546875
0 0.9296875 0.303125 0.11875 0.11875
0 0.77109375 0.21953125 0.0671875 0.0640625
1 0.70859375 0.23046875 0.0640625 0.0484375
1 0.584375 0.2359375 0.0625 0.040625
1 0.465625 0.2359375 0.0625 0.0390625
1 0.40234375 0.2375 0.065625 0.0390625
1 0.7875 0.41015625 0.2734375 0.0671875
1 0.525 0.234375 0.0625 0.04375
0 0.28515625 0.2171875 0.06875 0.0703125
1 0.6453125 0.2359375 0.06875 0.040625