1 0.22421875 0.7390625 0.146875 0.10625
1 0.18515625 0.90078125 0.0859375 0.0640625
1 0.0921875 0.9078125 0.096875 0.0640625
0 0.359375 0.7640625 0.1375 0.1453125
1 0.07578125 0.7375 0.1515625 0.109375
1 0.2703125 0.90390625 0.0859375 0.0671875
0 0.496875 0.76015625 0.128125 0.1484375
1 0.34765625 0.90390625 0.0796875 0.0703125
1 0.42265625 0.90078125 0.0765625 0.065625
0 0.5 0.903125 0.0765625 0.0859375
0 0.5703125 0.9046875 0.0703125 0.0890625
1 0.75078125 0.6015625 0.34375 0.140625
1 0.37421875 0.58359375 0.396875 0.1375
0 0.70234375 0.77109375 0.1265625 0.1609375