0 0.74921875 0.7078125 0.2375 0.415625
1 0.49921875 0.69453125 0.259375 0.390625
1 0.28046875 0.70859375 0.2046875 0.375
0 0.08984375 0.678125 0.1796875 0.396875
1 0.490625 0.37578125 0.2734375 0.075
1 0.21875 0.35234375 0.2859375 0.071875
0 0.68359375 0.284375 0.1078125 0.1046875
1 0.58125 0.30078125 0.0984375 0.05625
1 0.48828125 0.29296875 0.09375 0.0515625
1 0.396875 0.28125 0.0984375 0.0609375
1 0.3 0.27265625 0.1 0.05625
1 0.2078125 0.2640625 0.0890625 0.05625
0 0.0828125 0.22734375 0.121875 0.1078125
0 0.23984375 0.15078125 0.0671875 0.06875
1 0.3046875 0.16953125 0.0640625 0.046875
1 0.42890625 0.184375 0.0625 0.0484375