1 0.33125 0.71640625 0.2359375 0.3109375
1 0.2953125 0.31484375 0.103125 0.0515625
1 0.19453125 0.30234375 0.1078125 0.0515625
1 0.83515625 0.37890625 0.0859375 0.05
1 0.3890625 0.32734375 0.0953125 0.053125
1 0.56875 0.35 0.1046875 0.053125
1 0.1078125 0.7078125 0.215625 0.328125
1 0.47578125 0.33671875 0.0953125 0.05
0 0.79375 0.73046875 0.26875 0.3609375
0 0.575 0.25390625 0.059375 0.0625
0 0.63515625 0.2546875 0.059375 0.06875
1 0.66171875 0.3609375 0.096875 0.053125
1 0.74453125 0.37109375 0.0890625 0.059375
0 0.55 0.721875 0.225 0.3234375