0 0.25625 0.69921875 0.2625 0.3859375
1 0.50390625 0.71875 0.2296875 0.378125
1 0.7265625 0.734375 0.2171875 0.371875
0 0.91640625 0.67890625 0.1671875 0.4046875
0 0.3203125 0.2703125 0.1046875 0.096875
1 0.425 0.29453125 0.10625 0.0625
1 0.515625 0.37734375 0.265625 0.0546875
1 0.51875 0.29375 0.09375 0.0546875
1 0.6125 0.2921875 0.09375 0.0515625
1 0.71015625 0.29375 0.1015625 0.059375
1 0.80703125 0.2921875 0.09375 0.0546875
0 0.925 0.2609375 0.125 0.1234375
0 0.771875 0.17734375 0.0671875 0.065625
1 0.70859375 0.19453125 0.0640625 0.0484375
1 0.52109375 0.19296875 0.0625 0.040625
1 0.459375 0.19609375 0.0625 0.0390625
1 0.396875 0.19453125 0.065625 0.0390625
1 0.7859375 0.3828125 0.2734375 0.06875
1 0.58203125 0.19375 0.0625 0.040625