0 0.48828125 0.290625 0.1328125 0.1421875
0 0.6203125 0.29609375 0.1328125 0.146875
1 0.7546875 0.3265625 0.1453125 0.0984375
0 0.27890625 0.26015625 0.121875 0.165625
1 0.90234375 0.32734375 0.1546875 0.10625
1 0.59453125 0.4703125 0.3953125 0.1390625
1 0.225 0.4375 0.35 0.1203125
0 0.48046875 0.1453125 0.0796875 0.0875
0 0.4078125 0.1328125 0.0734375 0.109375
1 0.55390625 0.1625 0.071875 0.0546875
1 0.63046875 0.16484375 0.0796875 0.0484375
1 0.70625 0.1640625 0.0828125 0.0515625
1 0.78359375 0.16328125 0.075 0.053125
1 0.865625 0.16328125 0.0890625 0.0578125