0 0.2140625 0.125 0.1203125 0.121875
0 0.159375 0.6359375 0.30625 0.46875
1 0.4359375 0.60546875 0.2515625 0.396875
0 0.8890625 0.509375 0.221875 0.428125
1 0.66796875 0.5859375 0.21875 0.4015625
0 0.8453125 0.0515625 0.11875 0.1
1 0.71875 0.08203125 0.09375 0.06875
1 0.61875 0.09921875 0.10625 0.0703125
1 0.5234375 0.11328125 0.0953125 0.06875
1 0.42578125 0.12421875 0.1046875 0.0703125
1 0.3265625 0.13203125 0.109375 0.08125
1 0.42890625 0.21953125 0.2921875 0.0953125
1 0.71328125 0.18359375 0.2984375 0.1015625