1 0.67890625 0.71796875 0.1328125 0.0984375
0 0.55234375 0.75234375 0.128125 0.14375
1 0.81796875 0.70625 0.1484375 0.10625
1 0.79765625 0.87109375 0.0875 0.0609375
1 0.94609375 0.6859375 0.1046875 0.0984375
1 0.71484375 0.87109375 0.0828125 0.05625
0 0.41875 0.77421875 0.128125 0.1421875
0 0.203125 0.7984375 0.1359375 0.1453125
1 0.63828125 0.87578125 0.0796875 0.0578125
1 0.56640625 0.88359375 0.08125 0.046875
1 0.49140625 0.8953125 0.075 0.0640625
0 0.41640625 0.9125 0.078125 0.0765625
0 0.34453125 0.92421875 0.078125 0.0875
1 0.53046875 0.6015625 0.39375 0.15