1 0.67890625 0.28203125 0.1328125 0.0984375
0 0.55234375 0.24765625 0.128125 0.14375
1 0.81796875 0.29375 0.1484375 0.1078125
1 0.79765625 0.12890625 0.0875 0.0609375
1 0.94609375 0.3140625 0.1046875 0.1
1 0.71484375 0.12890625 0.0828125 0.05625
0 0.41875 0.22578125 0.128125 0.1421875
0 0.203125 0.2015625 0.1359375 0.146875
1 0.63828125 0.125 0.0796875 0.0578125
1 0.56640625 0.1171875 0.08125 0.046875
1 0.49140625 0.1046875 0.075 0.0625
0 0.41640625 0.0875 0.0765625 0.075
0 0.34453125 0.075 0.078125 0.0875
1 0.51796875 0.425 0.4109375 0.153125
1 0.3452860515625 0.8453475015624999 0.307869765625 1 0.6897601078125 0.9903040515624999 0.681080834375 0.9035463343749999 0.3452860515625 0.8453475015624999
1 0.006263139062500001 0.9903040515624999 0.315464228125 0.9999437046875 0.3458418453125 0.8611313562499999 0.02757771875 0.7921067609375 0.0030083921875 0.8399240078125001 0.006263139062500001 0.9903040515624999
1 0 0.4099912921875 0.3056999859375 0.4408384328125 0.3512664515625 0.3521528125 0.0279614828125 0.294314334375 0.0247067359375 0.2827466390625 0.02687659375 0.3020260859375 0 0.3251614765625 0 0.4099912921875