0 0.29453125 0.25234375 0.1015625 0.3
0 0.76015625 0.2578125 0.109375 0.303125
0 0.41171875 0.259375 0.1140625 0.303125
1 0.06484375 0.26484375 0.1171875 0.284375
1 0.4109375 0.85390625 0.115625 0.1375
1 0.6390625 0.26640625 0.1234375 0.284375
1 0.52421875 0.26015625 0.115625 0.278125
1 0.17890625 0.2640625 0.11875 0.2796875
1 0.64140625 0.85234375 0.1171875 0.1375
1 0.534375 0.8109375 0.115625 0.1515625
1 0.29765625 0.86171875 0.1140625 0.134375
1 0.18125 0.85078125 0.1140625 0.1328125
1 0.06640625 0.86015625 0.11875 0.125
1 0.75625 0.85078125 0.1140625 0.1453125