0 0.6578125 0.275 0.2328125 0.146875
0 0.871875 0.77578125 0.2125 0.140625
0 0.87265625 0.59375 0.2 0.125
0 0.90625 0.2703125 0.184375 0.1359375
0 0.88125 0.42890625 0.203125 0.121875
0 0.64375 0.59609375 0.203125 0.1328125
0 0.66640625 0.0875 0.2078125 0.121875
0 0.1875 0.3078125 0.190625 0.1359375
0 0.15390625 0.60390625 0.1875 0.1359375
0 0.86484375 0.93125 0.196875 0.134375
0 0.653125 0.75859375 0.2015625 0.128125
0 0.640625 0.925 0.2046875 0.134375
0 0.190625 0.7671875 0.1890625 0.1265625
0 0.9945169187499999 0.026767884375000002 0.7802615421875 0.026767884375000002 0.7736485921875 0.13226523437499998 0.9998072406249999 0.1359669765625 0.9945169187499999 0.026767884375000002
0 0.2753591078125 0.032320378125 0.07036164843750001 0.0249170296875 0.06639395625 0.0304695234375 0.059781103125 0.2488676078125 0.276681640625 0.24146432812500002 0.2753591078125 0.032320378125
0 0.27006878749999996 0.822625340625 0.075651871875 0.8300286203124999 0.0677164875 0.976244384375 0.27800417187500004 0.9836476640624999 0.27006878749999996 0.822625340625
1 0.5513801390624999 0.37153356875 0.5504523984375 0.5412990015625 0.7580948249999999 0.5301940140625 0.764707775 0.38767995625 0.5513801390624999 0.37153356875