0 0.928125 0.21484375 0.1359375 0.4078125
0 0.5765625 0.28515625 0.1671875 0.4109375
0 0.44765625 0.3078125 0.1625 0.3828125
0 0.71328125 0.27890625 0.1609375 0.4234375
0 0.184375 0.35 0.1796875 0.384375
0 0.32109375 0.3359375 0.1640625 0.36875
0 0.83984375 0.27890625 0.16875 0.38125
1 0.2328125 0.7390625 0.1609375 0.3875
1 0.62734375 0.69609375 0.1609375 0.384375
1 0.4984375 0.7140625 0.1578125 0.39375
1 0.3671875 0.73515625 0.1734375 0.3953125
1 0.76640625 0.696875 0.1640625 0.4109375
1 0.959375 0.67734375 0.08125 0.4203125
1 0.88828125 0.6921875 0.1671875 0.415625