0 0.60625 0.28515625 0.0671875 0.121875
0 0.44140625 0.28671875 0.090625 0.11875
0 0.53046875 0.28828125 0.078125 0.1296875
0 0.93046875 0.28984375 0.06875 0.121875
0 0.85625 0.2953125 0.0734375 0.128125
0 0.77578125 0.29609375 0.084375 0.1375
0 0.690625 0.2984375 0.084375 0.1421875
1 0.11328125 0.30859375 0.0859375 0.121875
0 0.19765625 0.3109375 0.09375 0.1109375
1 0.3640625 0.3109375 0.08125 0.1296875
1 0.28359375 0.3125 0.078125 0.121875
0 0.646875 0.428125 0.0828125 0.1375
0 0.56171875 0.42890625 0.078125 0.13125
0 0.47578125 0.4296875 0.0859375 0.1375
0 0.90546875 0.43046875 0.084375 0.1421875
1 0.13828125 0.43125 0.0875 0.1359375
0 0.80859375 0.434375 0.0921875 0.128125
0 0.05234375 0.43515625 0.084375 0.1375
1 0.396875 0.4375 0.0859375 0.1234375
1 0.728125 0.43828125 0.08125 0.121875
1 0.31171875 0.4390625 0.084375 0.1328125
1 0.2234375 0.440625 0.084375 0.1296875
0 0.14921875 0.06875 0.075 0.134375
0 0.06953125 0.0703125 0.078125 0.140625
0 0.30625 0.0703125 0.0765625 0.1296875
0 0.75703125 0.07109375 0.0765625 0.1421875
0 0.68515625 0.071875 0.06875 0.140625
0 0.7390625 0.71171875 0.0828125 0.1484375
0 0.8359375 0.7125 0.0828125 0.1609375
0 0.64609375 0.71640625 0.0890625 0.1578125
0 0.9234375 0.7171875 0.08125 0.15625
0 0.37265625 0.71875 0.1 0.1671875
0 0.46953125 0.7203125 0.0859375 0.1640625
0 0.3859375 0.0734375 0.0765625 0.128125
0 0.615625 0.07421875 0.0671875 0.1375
0 0.4640625 0.07421875 0.071875 0.13125
0 0.17578125 0.7265625 0.090625 0.1609375
1 0.2765625 0.73203125 0.096875 0.153125
1 0.55546875 0.73359375 0.090625 0.15625
1 0.08828125 0.7453125 0.0953125 0.1609375
0 0.53984375 0.0765625 0.0703125 0.13125
1 0.22734375 0.0796875 0.078125 0.1265625
0 0.8984375 0.08671875 0.078125 0.121875
0 0.89453125 0.90625 0.0984375 0.1875
0 0.11484375 0.91171875 0.1 0.1609375
0 0.609375 0.91171875 0.09375 0.1765625
0 0.709375 0.91171875 0.0984375 0.1765625
0 0.79921875 0.91171875 0.0828125 0.1765625
0 0.5109375 0.9125 0.103125 0.175
0 0.31171875 0.91484375 0.096875 0.1703125
0 0.41328125 0.91640625 0.0953125 0.1671875
0 0.21171875 0.91953125 0.0953125 0.1609375
1 0.83203125 0.1 0.0703125 0.13125