0 0.2671875 0.34453125 0.0640625 0.0796875
0 0.2 0.353125 0.0484375 0.0703125
0 0.14375 0.36796875 0.0453125 0.09375
0 0.75390625 0.3984375 0.0875 0.1328125
1 0.83203125 0.40625 0.0453125 0.0765625
1 0.88984375 0.409375 0.053125 0.0875
1 0.69296875 0.41171875 0.0546875 0.0875
0 0.63984375 0.41796875 0.08125 0.1375
0 0.56328125 0.41953125 0.08125 0.1265625
0 0.4796875 0.421875 0.08125 0.125
0 0.3203125 0.440625 0.0859375 0.1390625
1 0.40625 0.4515625 0.071875 0.1375
0 0.23515625 0.4640625 0.08125 0.1390625
0 0.15859375 0.47265625 0.0765625 0.153125
0 0.09375 0.47734375 0.0703125 0.140625
1 0.92109375 0.828125 0.065625 0.1546875
1 0.8234375 0.85859375 0.090625 0.1671875
1 0.71015625 0.8625 0.1046875 0.14375
1 0.57421875 0.87265625 0.125 0.14375
1 0.43046875 0.88203125 0.13125 0.1265625
0 0.25625 0.9109375 0.1359375 0.178125
0 0.0515625 0.915625 0.0875 0.16875
1 0.14140625 0.92109375 0.071875 0.1578125
0 0.67734375 0.3015625 0.078125 0.078125
0 0.5828125 0.30625 0.059375 0.078125
1 0.75390625 0.30859375 0.05 0.06875
0 0.45625 0.309375 0.053125 0.0734375
0 0.521875 0.3125 0.0671875 0.0890625
1 0.634375 0.31796875 0.046875 0.0734375
0 0.846875 0.3203125 0.0640625 0.08125
0 0.33046875 0.32734375 0.0546875 0.078125
0 0.3921875 0.328125 0.0625 0.0921875