0 0.9359375 0.7890625 0.1140625 0.146875
0 0.82734375 0.790625 0.10625 0.15625
0 0.72578125 0.79765625 0.125 0.1328125
0 0.62265625 0.79375 0.10625 0.1328125
0 0.52421875 0.79765625 0.1171875 0.1328125
0 0.4125 0.796875 0.1203125 0.1375
0 0.31640625 0.790625 0.125 0.1421875
0 0.20625 0.8 0.1296875 0.1453125
0 0.11015625 0.790625 0.1140625 0.1484375
0 0.053125 0.64921875 0.1015625 0.1390625
1 0.1484375 0.659375 0.121875 0.1328125
0 0.234375 0.6578125 0.103125 0.1375
0 0.33046875 0.65546875 0.1046875 0.1234375
0 0.42421875 0.65234375 0.1015625 0.134375
1 0.52265625 0.6515625 0.1109375 0.1359375
0 0.62109375 0.65546875 0.1046875 0.140625
1 0.7203125 0.6625 0.0984375 0.128125
0 0.8109375 0.6453125 0.0921875 0.125
0 0.909375 0.6515625 0.1015625 0.1328125
0 0.9546875 0.39765625 0.0875 0.1234375
0 0.86875 0.40390625 0.0875 0.109375
0 0.78203125 0.4015625 0.0984375 0.1046875
0 0.6984375 0.4 0.09375 0.1046875
0 0.6125 0.409375 0.09375 0.1171875
0 0.53203125 0.4078125 0.0921875 0.1015625
0 0.45 0.4078125 0.090625 0.0984375
0 0.36484375 0.41015625 0.09375 0.1046875
0 0.28359375 0.4125 0.1015625 0.1046875
0 0.2 0.4125 0.10625 0.103125
1 0.11796875 0.415625 0.096875 0.1015625
0 0.04296875 0.40703125 0.0859375 0.1203125
0 0.91171875 0.17734375 0.0796875 0.090625
0 0.83671875 0.178125 0.090625 0.103125
0 0.76640625 0.18125 0.0828125 0.0953125
0 0.69140625 0.17109375 0.078125 0.1
0 0.61796875 0.17890625 0.0796875 0.0984375
0 0.55390625 0.17734375 0.075 0.0984375
0 0.4796875 0.18046875 0.078125 0.1
0 0.403125 0.178125 0.0828125 0.0984375
0 0.33515625 0.18828125 0.075 0.1
0 0.265625 0.17421875 0.0859375 0.10625
0 0.190625 0.17578125 0.0875 0.1046875
0 0.11640625 0.18125 0.0828125 0.0984375
0 0.04140625 0.1734375 0.0828125 0.1265625