1 0.27421875 0.72265625 0.3171875 0.4234375
1 0.53203125 0.6921875 0.2515625 0.4
0 0.76796875 0.61171875 0.325 0.4140625
1 0.45625 0.321875 0.3 0.078125
1 0.08203125 0.2296875 0.14375 0.0703125
1 0.19296875 0.23359375 0.1234375 0.059375
1 0.30234375 0.23359375 0.115625 0.059375
1 0.403125 0.23359375 0.1046875 0.0546875
1 0.50390625 0.23359375 0.1 0.0546875
1 0.6015625 0.23125 0.1046875 0.05625
1 0.69375 0.22890625 0.0921875 0.05625
0 0.1625 0.10390625 0.084375 0.0859375
1 0.23359375 0.1234375 0.08125 0.05
0 0.30390625 0.1078125 0.0703125 0.078125
0 0.43828125 0.109375 0.0640625 0.0828125
0 0.371875 0.10859375 0.0703125 0.078125
1 0.084375 0.121875 0.084375 0.059375