0 0.09453125 0.5078125 0.1890625 0.16875
0 0.3609375 0.2515625 0.165625 0.084375
1 0.3234375 0.3046875 0.1609375 0.034375
1 0.2765625 0.34140625 0.1671875 0.040625
1 0.240625 0.384375 0.14375 0.053125
1 0.55703125 0.6203125 0.2609375 0.3390625
1 0.63125 0.384375 0.1140625 0.134375
1 0.6484375 0.284375 0.090625 0.0703125
1 0.65625 0.228125 0.0703125 0.046875
0 0.8609375 0.2109375 0.1859375 0.08125
1 0.903125 0.5109375 0.19375 0.1296875
1 0.8953125 0.4125 0.20625 0.0859375
1 0.88984375 0.34296875 0.2203125 0.0578125
1 0.8734375 0.2953125 0.171875 0.0421875
1 0.853125 0.2609375 0.153125 0.040625