0 0.14453125 0.11171875 0.1359375 0.1234375
1 0.265625 0.128125 0.1125 0.0796875
1 0.37109375 0.1296875 0.103125 0.0765625
1 0.46875 0.13046875 0.1078125 0.0703125
1 0.57109375 0.12734375 0.10625 0.06875
1 0.67890625 0.121875 0.1140625 0.075
1 0.78671875 0.11484375 0.10625 0.0609375
1 0.3265625 0.22578125 0.3015625 0.0765625
1 0.61953125 0.2171875 0.2984375 0.0921875
1 0.17109375 0.60859375 0.2578125 0.4125
1 0.4359375 0.6140625 0.275 0.40625
1 0.69609375 0.5953125 0.2375 0.396875
0 0.9 0.52890625 0.2 0.50625