0 0.1125 0.190625 0.13125 0.1234375
1 0.41875 0.6921875 0.2625 0.3953125
0 0.5078125 0.0859375 0.06875 0.078125
1 0.2359375 0.21796875 0.1125 0.065625
1 0.3421875 0.215625 0.1015625 0.0640625
1 0.43984375 0.2109375 0.103125 0.0640625
1 0.540625 0.203125 0.103125 0.0671875
1 0.6421875 0.1984375 0.1046875 0.0640625
1 0.74375 0.19375 0.103125 0.0640625
1 0.5953125 0.284375 0.2984375 0.0859375
1 0.3015625 0.30234375 0.3078125 0.078125
1 0.153125 0.696875 0.2703125 0.384375
1 0.6828125 0.6625 0.2609375 0.3953125
1 0.3765625 0.1015625 0.071875 0.0515625
0 0.4421875 0.08671875 0.0703125 0.0796875
1 0.2375 0.1078125 0.0765625 0.05
0 0.903125 0.5734375 0.19375 0.5078125
0 0.3109375 0.08828125 0.071875 0.0875
0 0.57109375 0.075 0.059375 0.090625