1 0.184375 0.6828125 0.26875 0.3921875
1 0.45078125 0.66484375 0.26875 0.3921875
1 0.69921875 0.6578125 0.234375 0.3953125
0 0.90625 0.5703125 0.1875 0.5109375
1 0.33984375 0.29140625 0.2984375 0.0671875
1 0.6296875 0.28125 0.2921875 0.0859375
0 0.16328125 0.18828125 0.1265625 0.125
1 0.27734375 0.20703125 0.10625 0.059375
1 0.38046875 0.20078125 0.109375 0.0625
1 0.48203125 0.1953125 0.1046875 0.05625
1 0.58359375 0.18671875 0.10625 0.05625
1 0.68515625 0.1828125 0.1015625 0.05625
1 0.79375 0.17109375 0.1109375 0.05625
0 0.05234375 0.19140625 0.1015625 0.11875
1 0.28671875 0.1 0.078125 0.05
0 0.3578125 0.0875 0.0640625 0.075
1 0.421875 0.09375 0.0671875 0.059375