1 0.10703125 0.7640625 0.2140625 0.38125
1 0.3390625 0.71640625 0.2609375 0.396875
1 0.584375 0.621875 0.2234375 0.415625
0 0.825 0.55078125 0.3 0.3703125
1 0.19921875 0.34765625 0.3203125 0.1046875
1 0.13046875 0.24921875 0.1203125 0.0734375
1 0.240625 0.228125 0.1109375 0.0703125
1 0.34375 0.21328125 0.1078125 0.0671875
1 0.44765625 0.20078125 0.1046875 0.0703125
1 0.54375 0.17890625 0.1 0.0625
0 0.203125 0.121875 0.0828125 0.0671875
0 0.03671875 0.23671875 0.0734375 0.1359375
1 0.496875 0.2890625 0.2859375 0.0875
1 0.64609375 0.15546875 0.0984375 0.0625
1 0.12734375 0.140625 0.0765625 0.053125
1 0.275 0.11796875 0.075 0.0484375
0 0.47109375 0.0765625 0.059375 0.065625