0 0.175 0.14375 0.13515625 0.11484375
1 0.2875 0.16796875 0.1125 0.07109375
1 0.29140625 0.06484375 0.078125 0.05390625
1 0.4265625 0.05546875 0.07421875 0.05234375
0 0.36171875 0.0421875 0.07109375 0.08359375
0 0.4921875 0.03828125 0.071875 0.0765625
1 0.5921875 0.16484375 0.11171875 0.06171875
1 0.39140625 0.16796875 0.09921875 0.071875
1 0.4890625 0.165625 0.10625 0.06796875
1 0.69765625 0.159375 0.1125 0.0640625
1 0.80625 0.15546875 0.1078125 0.0640625
1 0.64140625 0.2546875 0.29375 0.08515625
1 0.35 0.25859375 0.30703125 0.08203125
1 0.47578125 0.62734375 0.25625 0.4
1 0.215625 0.64375 0.271875 0.3921875
1 0.715625 0.63671875 0.24921875 0.38359375
0 0.90703125 0.59140625 0.1859375 0.46875