0 0.07734375 0.2171875 0.096875 0.13671875
0 0.1859375 0.21171875 0.12421875 0.12421875
0 0.3703125 0.115625 0.078125 0.084375
1 0.3046875 0.13671875 0.08125 0.0546875
1 0.3 0.24375 0.115625 0.06640625
1 0.40078125 0.23671875 0.10078125 0.065625
1 0.49296875 0.234375 0.1078125 0.06328125
1 0.353125 0.32734375 0.29921875 0.08984375
1 0.6484375 0.3109375 0.303125 0.08203125
1 0.20625 0.71171875 0.3140625 0.38984375
1 0.46953125 0.7015625 0.26015625 0.4015625
1 0.72578125 0.690625 0.296875 0.39296875
0 0.90078125 0.62578125 0.19765625 0.50546875
1 0.596875 0.225 0.11484375 0.06328125
1 0.8015625 0.21015625 0.128125 0.07265625
1 0.69921875 0.21640625 0.10859375 0.06875
1 0.43515625 0.125 0.0703125 0.053125
0 0.63125 0.0921875 0.0671875 0.08671875
0 0.565625 0.1015625 0.0671875 0.0796875
0 0.5015625 0.109375 0.06640625 0.07578125