1 0.2015625 0.65 0.2765625 0.4078125
1 0.47265625 0.6484375 0.2703125 0.3984375
1 0.725 0.6375 0.2875 0.4015625
0 0.89609375 0.58125 0.2078125 0.4984375
1 0.6421875 0.25390625 0.3078125 0.0796875
1 0.3453125 0.26171875 0.3015625 0.0828125
0 0.06015625 0.15546875 0.1046875 0.13125
0 0.16875 0.14921875 0.1265625 0.13125
1 0.2859375 0.06796875 0.0828125 0.05625
1 0.28125 0.18203125 0.1109375 0.059375
1 0.38359375 0.1796875 0.109375 0.0609375
1 0.421875 0.06796875 0.075 0.05
0 0.35546875 0.04765625 0.078125 0.0921875
0 0.48671875 0.05 0.06875 0.0796875
0 0.5515625 0.04453125 0.0671875 0.08125
0 0.621875 0.0390625 0.078125 0.078125
1 0.5875 0.1734375 0.1140625 0.0640625
1 0.690625 0.1671875 0.1046875 0.0640625
1 0.79296875 0.15859375 0.1 0.0609375
1 0.4859375 0.17421875 0.1078125 0.065625