1 0.76640625 0.765625 0.4171875 0.11875
1 0.36015625 0.7984375 0.4140625 0.1296875
1 0.0796875 0.6671875 0.128125 0.109375
1 0.22265625 0.65703125 0.134375 0.1
1 0.35390625 0.64453125 0.128125 0.1078125
1 0.48203125 0.63671875 0.1265625 0.0859375
1 0.60703125 0.62890625 0.1265625 0.090625
1 0.72578125 0.61796875 0.1328125 0.09375
1 0.8515625 0.61484375 0.1328125 0.08125
1 0.2109375 0.5046875 0.078125 0.059375
0 0.12890625 0.49609375 0.1 0.0859375
0 0.2890625 0.49609375 0.0796875 0.071875
0 0.36640625 0.48046875 0.075 0.084375
0 0.4390625 0.478125 0.0703125 0.0875