0 0.1234375 0.1203125 0.1359375 0.1234375
1 0.2421875 0.1375 0.1125 0.0796875
1 0.35234375 0.140625 0.103125 0.078125
1 0.4546875 0.14140625 0.1078125 0.06875
1 0.55546875 0.13984375 0.10625 0.06875
1 0.66171875 0.1296875 0.1140625 0.0734375
1 0.765625 0.121875 0.10625 0.0609375
1 0.31015625 0.23125 0.3015625 0.0765625
1 0.6046875 0.22421875 0.2984375 0.0921875
1 0.15390625 0.62890625 0.2578125 0.4125
1 0.42421875 0.62109375 0.275 0.40625
1 0.67265625 0.609375 0.2375 0.396875
0 0.89453125 0.534375 0.2109375 0.5171875